Run semi-empirical minimization
 &qmmm
    qm_theory='AM1', grms_tol=0.0005,
 scfconv=1.d-10, ndiis_attempts=700,   qmcharge=0,
 /
   8     O        7.0310       -2.9920       -0.7000 
   8    O1        3.7260       -0.4300        1.5480 
   8    O2        1.5130       -1.5370        1.6500 
   8    O3        5.0290        1.3740       -0.0690 
   6     C        4.5210       -3.0560       -0.5310 
   6    C1        4.5120       -1.5050       -0.5430 
   6    C2        3.3290       -0.8250        0.2180 
   6    C3        5.8920       -3.7550       -0.2750 
   6    C4        1.9650       -1.5680        0.2760 
   6    C5        3.3530       -3.6620        0.2640 
   6    C6        2.0430       -3.0220       -0.1800 
   6    C7        5.8790       -0.8910       -0.3280 
   6    C8        7.0400       -1.6600       -0.4150 
   6    C9        6.1380       -4.2080        1.1730 
   6   C10        5.9610       -5.0250       -1.1610 
   6   C11        0.9110       -0.8050       -0.5380 
   6   C12        6.0600        0.4900       -0.1790 
   6   C13        8.3230       -1.0760       -0.3190 
   6   C14        8.4790        0.3060       -0.1620 
   6   C15        7.3180        1.0780       -0.1090 
   6   C16        9.8550        0.9490       -0.0540 
   6   C17        9.7720        2.4810       -0.0120 
   6   C18       11.0750        3.2620        0.0790 
   6   C19       10.7160        4.7560        0.0330 
   6   C20       11.9210        5.6680        0.1260 
   1     H        4.2840       -3.3000       -1.5810 
   1    H1        4.3010       -1.2620       -1.5980 
   1    H2        3.1270        0.1190       -0.3020 
   1    H3        3.4910       -3.5230        1.3420 
   1    H4        3.2950       -4.7400        0.0790 
   1    H5        1.9650       -3.0850       -1.2730 
   1    H6        1.2070       -3.5970        0.2350 
   1    H7        5.4020       -4.9480        1.5070 
   1    H8        6.1290       -3.3650        1.8690 
   1    H9        7.1270       -4.6770        1.2630 
   1   H10        5.8190       -4.7680       -2.2180 
   1   H11        5.2080       -5.7680       -0.8820 
   1   H12        6.9510       -5.4930       -1.1020 
   1   H13        1.2110       -0.7000       -1.5860 
   1   H14        0.7540        0.1990       -0.1210 
   1   H15       -0.0600       -1.3080       -0.4990 
   1   H16        2.9150       -0.5470        2.0920 
   1   H17        0.6540       -1.9950        1.6910 
   1   H18        9.1980       -1.7190       -0.3840 
   1   H19        7.3320        2.1520       -0.0120 
   1   H20       10.3410        0.5810        0.8570 
   1   H21       10.4610        0.6390       -0.9130 
   1   H22        4.6050        1.1200        0.7790 
   1   H23        9.1660        2.7770        0.8560 
   1   H24        9.2470        2.8220       -0.9150 
   1   H25       11.5970        3.0240        1.0130 
   1   H26       11.7360        3.0030       -0.7550 
   1   H27       10.1800        4.9730       -0.9000 
   1   H28       10.0260        4.9960        0.8520 
   1   H29       12.6540        5.4300       -0.6490 
   1   H30       12.3980        5.5830        1.1060 
   1   H31       11.6060        6.7090       -0.0100 

